----------------------------
Diameters
0,0.2
1,0.28
2,0.34
3,0.39
4,0.45
5,0.52
6,0.58
7,0.65
8,0.72
9,0.78
10,0.84
11,0.9
12,0.95
13,1.01
14,1.06
15,1.11
16,1.14
----------------------------
Pitchs
0,2.08
16,10.14
----------------------------
ZC
0,0
0.6499,120
1.3968,240
2.1728,360
3.0458,480
3.9479,600
4.8985,720
5.9849,840
7.178,960
8.4099,1080
9.7485,1200
11.1744,1320
12.7361,1440
14.4336,1560
16.2281,1680
----------------------------
LW= 17
DW= 1.205
FluteLength= 16
