----------------------------
Diameters
0,0.300
1,0.440
2,0.505
3,0.576
4,0.657
5,0.729
6,0.784
7,0.833
8,0.890
9,0.942
10,0.986
11,1.028
12,1.058
13,1.084
14,1.109
15,1.137
16,1.167
----------------------------
Pitchs
0,2.03
16,11.48
----------------------------
ZC
0, 0
0.943, 120
1.882, 240
2.936, 360
4.109, 480
5.442, 600
6.954, 720
8.677, 840
10.515, 960
12.510, 1080
14.566, 1200
16.772, 1320
----------------------------
LW= 17
DW= 1.205
FluteLength= 16
