----------------------------
Diameters
0,0.2
1,0.315
2,0.359
3,0.412
4,0.476
5,0.55
6,0.61
7,0.662
8,0.72
9,0.78
10,0.834
11,0.87
12,0.92
13,0.977
14,1.039
15,1.102
16,1.14
----------------------------
Pitchs
0,2.00
16,8.00
----------------------------
ZC
0,0
0.6208,120
1.2901,240
2.0467,360
2.8421,480
3.686,600
4.559,720
5.5096,840
6.5475,960
7.6436,1080
8.8755,1200
10.2529,1320
11.6885,1440
13.1532,1560
14.7731,1680
16.5385,1800
----------------------------
LW= 17
DW= 1.205
FluteLength= 16
